h,l,h_eq,l_eq
0.0,1.0,0.0,0.5
0.0,0.9795918367346939,0.0,0.36
0.0,0.9591836734693877,0.0,0.36
0.0,0.9387755102040817,0.0,0.24
0.0,0.9183673469387755,0.0,0.22
0.0,0.8979591836734694,0.0,0.2
0.0,0.8775510204081632,0.0,0.14
0.0,0.8571428571428572,0.0,0.06
0.0,0.8367346938775511,0.0,0.04
0.0,0.8163265306122449,0.0,0.04
0.0,0.7959183673469388,0.0,0.02
0.0,0.7755102040816326,0.0,0.04
0.0,0.7551020408163265,0.0,0.0
0.0,0.7346938775510204,0.0,0.04
0.0,0.7142857142857143,0.0,0.02
0.0,0.6938775510204083,0.0,0.02
0.0,0.6734693877551021,0.0,0.06
0.0,0.653061224489796,0.0,0.0
0.0,0.6326530612244898,0.0,0.0
0.0,0.6122448979591837,0.0,0.0
0.0,0.5918367346938775,0.0,0.0
0.0,0.5714285714285714,0.0,0.0
0.0,0.5510204081632654,0.0,0.0
0.0,0.5306122448979592,0.0,0.0
0.0,0.5102040816326531,0.0,0.0
0.0,0.4897959183673469,0.0,0.0
0.0,0.4693877551020409,0.0,0.0
0.0,0.44897959183673475,0.0,0.0
0.0,0.4285714285714286,0.0,0.0
0.0,0.40816326530612246,0.0,0.0
0.0,0.3877551020408164,0.0,0.0
0.0,0.3673469387755103,0.0,0.0
0.0,0.34693877551020413,0.0,0.0
0.0,0.326530612244898,0.0,0.0
0.0,0.30612244897959184,0.0,0.0
0.0,0.2857142857142858,0.0,0.0
0.0,0.26530612244897966,0.0,0.0
0.0,0.24489795918367352,0.0,0.0
0.0,0.22448979591836737,0.0,0.0
0.0,0.20408163265306134,0.0,0.0
0.0,0.1836734693877552,0.0,0.0
0.0,0.16326530612244905,0.0,0.0
0.0,0.1428571428571429,0.0,0.0
0.0,0.12244897959183676,0.0,0.0
0.0,0.10204081632653073,0.0,0.0
0.0,0.08163265306122458,0.0,0.0
0.0,0.061224489795918435,0.0,0.0
0.0,0.04081632653061229,0.0,0.0
0.0,0.020408163265306145,0.0,0.0
0.0,0.0,0.0,0.0
0.02040816326530612,0.9795918367346939,0.24,0.26
0.02040816326530612,0.9591836734693877,0.14,0.28
0.02040816326530612,0.9387755102040816,0.14,0.24
0.02040816326530612,0.9183673469387755,0.16,0.08
0.02040816326530612,0.8979591836734694,0.14,0.1
0.02040816326530612,0.8775510204081632,0.26,0.06
0.02040816326530612,0.8571428571428571,0.14,0.08
0.02040816326530612,0.8367346938775511,0.12,0.04
0.02040816326530612,0.8163265306122449,0.16,0.0
0.02040816326530612,0.7959183673469388,0.14,0.02
0.02040816326530612,0.7755102040816326,0.22,0.0
0.02040816326530612,0.7551020408163265,0.18,0.02
0.02040816326530612,0.7346938775510203,0.22,0.02
0.02040816326530612,0.7142857142857143,0.14,0.0
0.02040816326530612,0.6938775510204082,0.18,0.0
0.02040816326530612,0.6734693877551021,0.18,0.02
0.02040816326530612,0.653061224489796,0.14,0.0
0.02040816326530612,0.6326530612244898,0.12,0.0
0.02040816326530612,0.6122448979591837,0.2,0.0
0.02040816326530612,0.5918367346938775,0.16,0.0
0.02040816326530612,0.5714285714285714,0.14,0.0
0.02040816326530612,0.5510204081632653,0.02,0.0
0.02040816326530612,0.5306122448979592,0.1,0.0
0.02040816326530612,0.5102040816326531,0.18,0.0
0.02040816326530612,0.4897959183673469,0.16,0.0
0.02040816326530612,0.4693877551020408,0.18,0.0
0.02040816326530612,0.44897959183673475,0.1,0.0
0.02040816326530612,0.4285714285714286,0.1,0.0
0.02040816326530612,0.40816326530612246,0.14,0.0
0.02040816326530612,0.3877551020408163,0.08,0.0
0.02040816326530612,0.3673469387755103,0.06,0.0
0.02040816326530612,0.34693877551020413,0.1,0.0
0.02040816326530612,0.326530612244898,0.14,0.0
0.02040816326530612,0.30612244897959184,0.08,0.0
0.02040816326530612,0.2857142857142857,0.06,0.0
0.02040816326530612,0.26530612244897966,0.1,0.0
0.02040816326530612,0.24489795918367352,0.06,0.0
0.02040816326530612,0.22448979591836737,0.06,0.0
0.02040816326530612,0.20408163265306123,0.02,0.0
0.02040816326530612,0.1836734693877552,0.08,0.0
0.02040816326530612,0.16326530612244905,0.06,0.0
0.02040816326530612,0.1428571428571429,0.06,0.0
0.02040816326530612,0.12244897959183676,0.08,0.0
0.02040816326530612,0.10204081632653061,0.12,0.0
0.02040816326530612,0.08163265306122458,0.08,0.0
0.02040816326530612,0.061224489795918435,0.12,0.0
0.02040816326530612,0.04081632653061229,0.12,0.0
0.02040816326530612,0.020408163265306145,0.02,0.0
0.02040816326530612,0.0,0.08,0.0
0.04081632653061224,0.9591836734693877,0.38,0.12
0.04081632653061224,0.9387755102040816,0.36,0.12
0.04081632653061224,0.9183673469387754,0.34,0.08
0.04081632653061224,0.8979591836734694,0.4,0.02
0.04081632653061224,0.8775510204081632,0.32,0.04
0.04081632653061224,0.8571428571428571,0.26,0.1
0.04081632653061224,0.836734693877551,0.34,0.02
0.04081632653061224,0.8163265306122449,0.3,0.02
0.04081632653061224,0.7959183673469388,0.36,0.02
0.04081632653061224,0.7755102040816326,0.14,0.0
0.04081632653061224,0.7551020408163265,0.3,0.0
0.04081632653061224,0.7346938775510203,0.34,0.0
0.04081632653061224,0.7142857142857142,0.28,0.02
0.04081632653061224,0.6938775510204082,0.34,0.0
0.04081632653061224,0.673469387755102,0.22,0.0
0.04081632653061224,0.653061224489796,0.32,0.0
0.04081632653061224,0.6326530612244898,0.2,0.0
0.04081632653061224,0.6122448979591837,0.28,0.0
0.04081632653061224,0.5918367346938775,0.18,0.0
0.04081632653061224,0.5714285714285714,0.18,0.0
0.04081632653061224,0.5510204081632653,0.2,0.0
0.04081632653061224,0.5306122448979591,0.14,0.0
0.04081632653061224,0.5102040816326531,0.18,0.0
0.04081632653061224,0.4897959183673469,0.26,0.0
0.04081632653061224,0.4693877551020408,0.22,0.0
0.04081632653061224,0.44897959183673464,0.22,0.0
0.04081632653061224,0.4285714285714286,0.2,0.0
0.04081632653061224,0.40816326530612246,0.22,0.0
0.04081632653061224,0.3877551020408163,0.26,0.0
0.04081632653061224,0.36734693877551017,0.18,0.0
0.04081632653061224,0.34693877551020413,0.22,0.0
0.04081632653061224,0.326530612244898,0.22,0.0
0.04081632653061224,0.30612244897959184,0.14,0.0
0.04081632653061224,0.2857142857142857,0.16,0.0
0.04081632653061224,0.26530612244897955,0.16,0.0
0.04081632653061224,0.24489795918367352,0.18,0.0
0.04081632653061224,0.22448979591836737,0.12,0.0
0.04081632653061224,0.20408163265306123,0.14,0.0
0.04081632653061224,0.18367346938775508,0.16,0.0
0.04081632653061224,0.16326530612244905,0.18,0.0
0.04081632653061224,0.1428571428571429,0.14,0.0
0.04081632653061224,0.12244897959183676,0.26,0.0
0.04081632653061224,0.10204081632653061,0.12,0.0
0.04081632653061224,0.08163265306122447,0.18,0.0
0.04081632653061224,0.061224489795918435,0.18,0.0
0.04081632653061224,0.04081632653061229,0.12,0.0
0.04081632653061224,0.020408163265306145,0.16,0.0
0.04081632653061224,0.0,0.12,0.0
0.061224489795918366,0.9387755102040817,0.42,0.08
0.061224489795918366,0.9183673469387755,0.38,0.12
0.061224489795918366,0.8979591836734694,0.36,0.08
0.061224489795918366,0.8775510204081634,0.4,0.04
0.061224489795918366,0.8571428571428572,0.42,0.0
0.061224489795918366,0.8367346938775511,0.42,0.0
0.061224489795918366,0.8163265306122449,0.42,0.0
0.061224489795918366,0.7959183673469388,0.32,0.02
0.061224489795918366,0.7755102040816326,0.38,0.02
0.061224489795918366,0.7551020408163266,0.42,0.0
0.061224489795918366,0.7346938775510204,0.34,0.0
0.061224489795918366,0.7142857142857143,0.28,0.0
0.061224489795918366,0.6938775510204082,0.32,0.02
0.061224489795918366,0.6734693877551021,0.36,0.02
0.061224489795918366,0.653061224489796,0.3,0.0
0.061224489795918366,0.6326530612244898,0.3,0.0
0.061224489795918366,0.6122448979591837,0.26,0.0
0.061224489795918366,0.5918367346938775,0.3,0.0
0.061224489795918366,0.5714285714285714,0.34,0.0
0.061224489795918366,0.5510204081632653,0.22,0.0
0.061224489795918366,0.5306122448979592,0.28,0.0
0.061224489795918366,0.5102040816326531,0.3,0.0
0.061224489795918366,0.4897959183673469,0.34,0.0
0.061224489795918366,0.46938775510204084,0.34,0.0
0.061224489795918366,0.4489795918367347,0.3,0.0
0.061224489795918366,0.4285714285714286,0.3,0.0
0.061224489795918366,0.40816326530612246,0.22,0.0
0.061224489795918366,0.3877551020408163,0.28,0.0
0.061224489795918366,0.36734693877551017,0.22,0.0
0.061224489795918366,0.346938775510204,0.12,0.0
0.061224489795918366,0.326530612244898,0.26,0.0
0.061224489795918366,0.30612244897959184,0.26,0.0
0.061224489795918366,0.2857142857142857,0.24,0.0
0.061224489795918366,0.26530612244897955,0.26,0.0
0.061224489795918366,0.2448979591836734,0.22,0.0
0.061224489795918366,0.22448979591836737,0.18,0.0
0.061224489795918366,0.20408163265306123,0.26,0.0
0.061224489795918366,0.18367346938775508,0.26,0.0
0.061224489795918366,0.16326530612244894,0.3,0.0
0.061224489795918366,0.1428571428571428,0.24,0.0
0.061224489795918366,0.12244897959183676,0.18,0.0
0.061224489795918366,0.10204081632653061,0.2,0.0
0.061224489795918366,0.08163265306122447,0.32,0.0
0.061224489795918366,0.061224489795918324,0.2,0.0
0.061224489795918366,0.04081632653061218,0.32,0.0
0.061224489795918366,0.020408163265306034,0.26,0.0
0.061224489795918366,0.0,0.2,0.0
0.08163265306122448,0.9183673469387755,0.48,0.02
0.08163265306122448,0.8979591836734694,0.42,0.06
0.08163265306122448,0.8775510204081632,0.48,0.02
0.08163265306122448,0.8571428571428572,0.4,0.04
0.08163265306122448,0.8367346938775511,0.44,0.02
0.08163265306122448,0.8163265306122449,0.42,0.0
0.08163265306122448,0.7959183673469388,0.38,0.0
0.08163265306122448,0.7755102040816326,0.44,0.02
0.08163265306122448,0.7551020408163265,0.42,0.02
0.08163265306122448,0.7346938775510204,0.38,0.0
0.08163265306122448,0.7142857142857143,0.4,0.0
0.08163265306122448,0.6938775510204082,0.32,0.0
0.08163265306122448,0.673469387755102,0.42,0.0
0.08163265306122448,0.653061224489796,0.34,0.0
0.08163265306122448,0.6326530612244898,0.42,0.0
0.08163265306122448,0.6122448979591837,0.4,0.0
0.08163265306122448,0.5918367346938775,0.34,0.0
0.08163265306122448,0.5714285714285714,0.32,0.0
0.08163265306122448,0.5510204081632653,0.4,0.0
0.08163265306122448,0.5306122448979591,0.3,0.0
0.08163265306122448,0.5102040816326531,0.26,0.0
0.08163265306122448,0.4897959183673469,0.34,0.0
0.08163265306122448,0.4693877551020408,0.4,0.0
0.08163265306122448,0.4489795918367347,0.28,0.0
0.08163265306122448,0.42857142857142855,0.32,0.0
0.08163265306122448,0.40816326530612246,0.26,0.0
0.08163265306122448,0.3877551020408163,0.32,0.0
0.08163265306122448,0.36734693877551017,0.3,0.0
0.08163265306122448,0.346938775510204,0.34,0.0
0.08163265306122448,0.3265306122448979,0.28,0.0
0.08163265306122448,0.30612244897959184,0.3,0.0
0.08163265306122448,0.2857142857142857,0.3,0.0
0.08163265306122448,0.26530612244897955,0.28,0.0
0.08163265306122448,0.2448979591836734,0.28,0.0
0.08163265306122448,0.22448979591836726,0.26,0.0
0.08163265306122448,0.20408163265306123,0.28,0.0
0.08163265306122448,0.18367346938775508,0.34,0.0
0.08163265306122448,0.16326530612244894,0.32,0.0
0.08163265306122448,0.1428571428571428,0.26,0.0
0.08163265306122448,0.12244897959183665,0.3,0.0
0.08163265306122448,0.10204081632653061,0.16,0.0
0.08163265306122448,0.08163265306122447,0.28,0.0
0.08163265306122448,0.061224489795918324,0.26,0.0
0.08163265306122448,0.04081632653061218,0.24,0.0
0.08163265306122448,0.020408163265306034,0.24,0.0
0.08163265306122448,0.0,0.3,0.0
0.1020408163265306,0.8979591836734694,0.46,0.04
0.1020408163265306,0.8775510204081632,0.44,0.0
0.1020408163265306,0.8571428571428571,0.48,0.0
0.1020408163265306,0.8367346938775511,0.46,0.02
0.1020408163265306,0.8163265306122449,0.42,0.02
0.1020408163265306,0.7959183673469388,0.42,0.0
0.1020408163265306,0.7755102040816326,0.4,0.02
0.1020408163265306,0.7551020408163265,0.4,0.02
0.1020408163265306,0.7346938775510204,0.4,0.02
0.1020408163265306,0.7142857142857143,0.38,0.0
0.1020408163265306,0.6938775510204082,0.4,0.0
0.1020408163265306,0.6734693877551021,0.4,0.0
0.1020408163265306,0.653061224489796,0.42,0.0
0.1020408163265306,0.6326530612244898,0.42,0.0
0.1020408163265306,0.6122448979591837,0.36,0.0
0.1020408163265306,0.5918367346938775,0.42,0.0
0.1020408163265306,0.5714285714285714,0.4,0.0
0.1020408163265306,0.5510204081632653,0.34,0.0
0.1020408163265306,0.5306122448979592,0.32,0.0
0.1020408163265306,0.5102040816326531,0.38,0.0
0.1020408163265306,0.489795918367347,0.42,0.0
0.1020408163265306,0.46938775510204084,0.38,0.0
0.1020408163265306,0.44897959183673475,0.4,0.0
0.1020408163265306,0.4285714285714286,0.38,0.0
0.1020408163265306,0.40816326530612246,0.4,0.0
0.1020408163265306,0.3877551020408163,0.38,0.0
0.1020408163265306,0.3673469387755103,0.28,0.0
0.1020408163265306,0.34693877551020413,0.36,0.0
0.1020408163265306,0.326530612244898,0.28,0.0
0.1020408163265306,0.30612244897959184,0.38,0.0
0.1020408163265306,0.2857142857142858,0.3,0.0
0.1020408163265306,0.26530612244897966,0.36,0.0
0.1020408163265306,0.24489795918367352,0.34,0.0
0.1020408163265306,0.22448979591836737,0.22,0.0
0.1020408163265306,0.20408163265306123,0.32,0.0
0.1020408163265306,0.1836734693877552,0.34,0.0
0.1020408163265306,0.16326530612244905,0.32,0.0
0.1020408163265306,0.1428571428571429,0.3,0.0
0.1020408163265306,0.12244897959183676,0.34,0.0
0.1020408163265306,0.10204081632653073,0.4,0.0
0.1020408163265306,0.08163265306122458,0.24,0.0
0.1020408163265306,0.061224489795918435,0.34,0.0
0.1020408163265306,0.04081632653061229,0.32,0.0
0.1020408163265306,0.020408163265306145,0.3,0.0
0.1020408163265306,0.0,0.2,0.0
0.12244897959183673,0.8775510204081632,0.46,0.04
0.12244897959183673,0.8571428571428571,0.5,0.0
0.12244897959183673,0.836734693877551,0.5,0.0
0.12244897959183673,0.8163265306122449,0.5,0.0
0.12244897959183673,0.7959183673469388,0.5,0.0
0.12244897959183673,0.7755102040816326,0.42,0.04
0.12244897959183673,0.7551020408163265,0.46,0.0
0.12244897959183673,0.7346938775510203,0.44,0.0
0.12244897959183673,0.7142857142857143,0.42,0.02
0.12244897959183673,0.6938775510204082,0.46,0.0
0.12244897959183673,0.673469387755102,0.48,0.0
0.12244897959183673,0.653061224489796,0.46,0.0
0.12244897959183673,0.6326530612244898,0.42,0.0
0.12244897959183673,0.6122448979591837,0.48,0.0
0.12244897959183673,0.5918367346938775,0.46,0.0
0.12244897959183673,0.5714285714285714,0.46,0.0
0.12244897959183673,0.5510204081632653,0.4,0.0
0.12244897959183673,0.5306122448979591,0.46,0.0
0.12244897959183673,0.5102040816326531,0.36,0.0
0.12244897959183673,0.4897959183673469,0.42,0.0
0.12244897959183673,0.46938775510204084,0.46,0.0
0.12244897959183673,0.4489795918367347,0.42,0.0
0.12244897959183673,0.4285714285714286,0.38,0.0
0.12244897959183673,0.40816326530612246,0.36,0.0
0.12244897959183673,0.3877551020408163,0.42,0.0
0.12244897959183673,0.36734693877551017,0.36,0.0
0.12244897959183673,0.34693877551020413,0.44,0.0
0.12244897959183673,0.326530612244898,0.44,0.0
0.12244897959183673,0.30612244897959184,0.5,0.0
0.12244897959183673,0.2857142857142857,0.36,0.0
0.12244897959183673,0.26530612244897966,0.4,0.0
0.12244897959183673,0.24489795918367352,0.36,0.0
0.12244897959183673,0.22448979591836737,0.38,0.0
0.12244897959183673,0.20408163265306123,0.36,0.0
0.12244897959183673,0.18367346938775508,0.4,0.0
0.12244897959183673,0.16326530612244905,0.28,0.0
0.12244897959183673,0.1428571428571429,0.36,0.0
0.12244897959183673,0.12244897959183676,0.32,0.0
0.12244897959183673,0.10204081632653061,0.36,0.0
0.12244897959183673,0.08163265306122458,0.32,0.0
0.12244897959183673,0.061224489795918435,0.32,0.0
0.12244897959183673,0.04081632653061229,0.3,0.0
0.12244897959183673,0.020408163265306145,0.34,0.0
0.12244897959183673,0.0,0.44,0.0
0.14285714285714285,0.8571428571428572,0.48,0.02
0.14285714285714285,0.8367346938775511,0.48,0.02
0.14285714285714285,0.8163265306122449,0.48,0.02
0.14285714285714285,0.7959183673469389,0.5,0.0
0.14285714285714285,0.7755102040816327,0.5,0.0
0.14285714285714285,0.7551020408163266,0.48,0.0
0.14285714285714285,0.7346938775510204,0.5,0.0
0.14285714285714285,0.7142857142857143,0.44,0.0
0.14285714285714285,0.6938775510204083,0.46,0.0
0.14285714285714285,0.6734693877551021,0.44,0.0
0.14285714285714285,0.653061224489796,0.5,0.0
0.14285714285714285,0.6326530612244898,0.5,0.0
0.14285714285714285,0.6122448979591837,0.44,0.0
0.14285714285714285,0.5918367346938775,0.46,0.0
0.14285714285714285,0.5714285714285714,0.38,0.0
0.14285714285714285,0.5510204081632654,0.38,0.0
0.14285714285714285,0.5306122448979592,0.46,0.0
0.14285714285714285,0.5102040816326531,0.4,0.0
0.14285714285714285,0.489795918367347,0.42,0.0
0.14285714285714285,0.46938775510204084,0.42,0.0
0.14285714285714285,0.44897959183673475,0.38,0.0
0.14285714285714285,0.4285714285714286,0.44,0.0
0.14285714285714285,0.40816326530612246,0.46,0.0
0.14285714285714285,0.38775510204081637,0.46,0.0
0.14285714285714285,0.3673469387755102,0.36,0.0
0.14285714285714285,0.34693877551020413,0.36,0.0
0.14285714285714285,0.326530612244898,0.3,0.0
0.14285714285714285,0.30612244897959184,0.42,0.0
0.14285714285714285,0.2857142857142857,0.36,0.0
0.14285714285714285,0.26530612244897955,0.44,0.0
0.14285714285714285,0.24489795918367352,0.38,0.0
0.14285714285714285,0.22448979591836737,0.4,0.0
0.14285714285714285,0.20408163265306123,0.4,0.0
0.14285714285714285,0.18367346938775508,0.42,0.0
0.14285714285714285,0.16326530612244894,0.36,0.0
0.14285714285714285,0.1428571428571429,0.36,0.0
0.14285714285714285,0.12244897959183676,0.42,0.0
0.14285714285714285,0.10204081632653061,0.44,0.0
0.14285714285714285,0.08163265306122447,0.36,0.0
0.14285714285714285,0.061224489795918324,0.46,0.0
0.14285714285714285,0.04081632653061229,0.36,0.0
0.14285714285714285,0.020408163265306145,0.4,0.0
0.14285714285714285,0.0,0.4,0.0
0.16326530612244897,0.8367346938775511,0.5,0.0
0.16326530612244897,0.8163265306122449,0.5,0.0
0.16326530612244897,0.7959183673469388,0.5,0.0
0.16326530612244897,0.7755102040816327,0.5,0.0
0.16326530612244897,0.7551020408163266,0.5,0.0
0.16326530612244897,0.7346938775510204,0.46,0.0
0.16326530612244897,0.7142857142857143,0.5,0.0
0.16326530612244897,0.6938775510204082,0.5,0.0
0.16326530612244897,0.6734693877551021,0.46,0.0
0.16326530612244897,0.653061224489796,0.46,0.0
0.16326530612244897,0.6326530612244898,0.48,0.0
0.16326530612244897,0.6122448979591837,0.46,0.0
0.16326530612244897,0.5918367346938775,0.5,0.0
0.16326530612244897,0.5714285714285714,0.46,0.0
0.16326530612244897,0.5510204081632653,0.44,0.0
0.16326530612244897,0.5306122448979592,0.46,0.0
0.16326530612244897,0.5102040816326531,0.44,0.0
0.16326530612244897,0.4897959183673469,0.48,0.0
0.16326530612244897,0.46938775510204084,0.44,0.0
0.16326530612244897,0.4489795918367347,0.44,0.0
0.16326530612244897,0.4285714285714286,0.4,0.0
0.16326530612244897,0.40816326530612246,0.4,0.0
0.16326530612244897,0.3877551020408163,0.42,0.0
0.16326530612244897,0.3673469387755102,0.48,0.0
0.16326530612244897,0.3469387755102041,0.46,0.0
0.16326530612244897,0.326530612244898,0.44,0.0
0.16326530612244897,0.30612244897959184,0.46,0.0
0.16326530612244897,0.2857142857142857,0.44,0.0
0.16326530612244897,0.26530612244897955,0.36,0.0
0.16326530612244897,0.2448979591836734,0.44,0.0
0.16326530612244897,0.22448979591836737,0.44,0.0
0.16326530612244897,0.20408163265306123,0.44,0.0
0.16326530612244897,0.18367346938775508,0.44,0.0
0.16326530612244897,0.16326530612244894,0.36,0.0
0.16326530612244897,0.1428571428571428,0.4,0.0
0.16326530612244897,0.12244897959183676,0.46,0.0
0.16326530612244897,0.10204081632653061,0.42,0.0
0.16326530612244897,0.08163265306122447,0.36,0.0
0.16326530612244897,0.061224489795918324,0.36,0.0
0.16326530612244897,0.04081632653061218,0.4,0.0
0.16326530612244897,0.020408163265306145,0.44,0.0
0.16326530612244897,0.0,0.4,0.0
0.18367346938775508,0.8163265306122449,0.5,0.0
0.18367346938775508,0.7959183673469388,0.48,0.0
0.18367346938775508,0.7755102040816326,0.5,0.0
0.18367346938775508,0.7551020408163266,0.5,0.0
0.18367346938775508,0.7346938775510204,0.5,0.0
0.18367346938775508,0.7142857142857143,0.5,0.0
0.18367346938775508,0.6938775510204082,0.5,0.0
0.18367346938775508,0.673469387755102,0.5,0.0
0.18367346938775508,0.653061224489796,0.5,0.0
0.18367346938775508,0.6326530612244898,0.5,0.0
0.18367346938775508,0.6122448979591837,0.48,0.0
0.18367346938775508,0.5918367346938775,0.48,0.0
0.18367346938775508,0.5714285714285714,0.46,0.0
0.18367346938775508,0.5510204081632653,0.48,0.0
0.18367346938775508,0.5306122448979591,0.46,0.0
0.18367346938775508,0.5102040816326531,0.46,0.0
0.18367346938775508,0.4897959183673469,0.46,0.0
0.18367346938775508,0.4693877551020408,0.4,0.0
0.18367346938775508,0.4489795918367347,0.48,0.0
0.18367346938775508,0.42857142857142855,0.48,0.0
0.18367346938775508,0.40816326530612246,0.48,0.0
0.18367346938775508,0.3877551020408163,0.42,0.0
0.18367346938775508,0.36734693877551017,0.46,0.0
0.18367346938775508,0.3469387755102041,0.46,0.0
0.18367346938775508,0.32653061224489793,0.44,0.0
0.18367346938775508,0.30612244897959184,0.46,0.0
0.18367346938775508,0.2857142857142857,0.48,0.0
0.18367346938775508,0.26530612244897955,0.46,0.0
0.18367346938775508,0.2448979591836734,0.42,0.0
0.18367346938775508,0.22448979591836726,0.44,0.0
0.18367346938775508,0.20408163265306123,0.42,0.0
0.18367346938775508,0.18367346938775508,0.44,0.0
0.18367346938775508,0.16326530612244894,0.48,0.0
0.18367346938775508,0.1428571428571428,0.5,0.0
0.18367346938775508,0.12244897959183665,0.48,0.0
0.18367346938775508,0.10204081632653061,0.46,0.0
0.18367346938775508,0.08163265306122447,0.42,0.0
0.18367346938775508,0.061224489795918324,0.44,0.0
0.18367346938775508,0.04081632653061218,0.4,0.0
0.18367346938775508,0.020408163265306034,0.48,0.0
0.18367346938775508,0.0,0.38,0.0
0.2040816326530612,0.7959183673469388,0.5,0.0
0.2040816326530612,0.7755102040816326,0.5,0.0
0.2040816326530612,0.7551020408163265,0.5,0.0
0.2040816326530612,0.7346938775510204,0.5,0.0
0.2040816326530612,0.7142857142857143,0.5,0.0
0.2040816326530612,0.6938775510204082,0.5,0.0
0.2040816326530612,0.673469387755102,0.48,0.0
0.2040816326530612,0.653061224489796,0.5,0.0
0.2040816326530612,0.6326530612244898,0.48,0.0
0.2040816326530612,0.6122448979591837,0.5,0.0
0.2040816326530612,0.5918367346938775,0.5,0.0
0.2040816326530612,0.5714285714285714,0.5,0.0
0.2040816326530612,0.5510204081632653,0.5,0.0
0.2040816326530612,0.5306122448979592,0.46,0.0
0.2040816326530612,0.5102040816326531,0.46,0.0
0.2040816326530612,0.489795918367347,0.5,0.0
0.2040816326530612,0.46938775510204084,0.5,0.0
0.2040816326530612,0.4489795918367347,0.46,0.0
0.2040816326530612,0.4285714285714286,0.46,0.0
0.2040816326530612,0.40816326530612246,0.42,0.0
0.2040816326530612,0.38775510204081637,0.46,0.0
0.2040816326530612,0.3673469387755102,0.48,0.0
0.2040816326530612,0.34693877551020413,0.48,0.0
0.2040816326530612,0.326530612244898,0.48,0.0
0.2040816326530612,0.30612244897959184,0.44,0.0
0.2040816326530612,0.2857142857142857,0.5,0.0
0.2040816326530612,0.26530612244897966,0.42,0.0
0.2040816326530612,0.24489795918367352,0.46,0.0
0.2040816326530612,0.22448979591836737,0.46,0.0
0.2040816326530612,0.20408163265306123,0.4,0.0
0.2040816326530612,0.1836734693877552,0.46,0.0
0.2040816326530612,0.16326530612244905,0.46,0.0
0.2040816326530612,0.1428571428571429,0.48,0.0
0.2040816326530612,0.12244897959183676,0.44,0.0
0.2040816326530612,0.10204081632653061,0.46,0.0
0.2040816326530612,0.08163265306122458,0.5,0.0
0.2040816326530612,0.061224489795918435,0.42,0.0
0.2040816326530612,0.04081632653061229,0.46,0.0
0.2040816326530612,0.020408163265306145,0.48,0.0
0.2040816326530612,0.0,0.48,0.0
0.22448979591836732,0.7755102040816326,0.5,0.0
0.22448979591836732,0.7551020408163265,0.5,0.0
0.22448979591836732,0.7346938775510203,0.5,0.0
0.22448979591836732,0.7142857142857143,0.5,0.0
0.22448979591836732,0.6938775510204082,0.5,0.0
0.22448979591836732,0.673469387755102,0.5,0.0
0.22448979591836732,0.6530612244897959,0.5,0.0
0.22448979591836732,0.6326530612244898,0.5,0.0
0.22448979591836732,0.6122448979591837,0.5,0.0
0.22448979591836732,0.5918367346938775,0.5,0.0
0.22448979591836732,0.5714285714285714,0.48,0.0
0.22448979591836732,0.5510204081632653,0.5,0.0
0.22448979591836732,0.5306122448979591,0.5,0.0
0.22448979591836732,0.5102040816326531,0.48,0.0
0.22448979591836732,0.4897959183673469,0.48,0.0
0.22448979591836732,0.46938775510204084,0.5,0.0
0.22448979591836732,0.4489795918367347,0.44,0.0
0.22448979591836732,0.42857142857142855,0.5,0.0
0.22448979591836732,0.40816326530612246,0.5,0.0
0.22448979591836732,0.3877551020408163,0.46,0.0
0.22448979591836732,0.3673469387755102,0.48,0.0
0.22448979591836732,0.3469387755102041,0.46,0.0
0.22448979591836732,0.326530612244898,0.44,0.0
0.22448979591836732,0.30612244897959184,0.48,0.0
0.22448979591836732,0.2857142857142857,0.44,0.0
0.22448979591836732,0.26530612244897955,0.48,0.0
0.22448979591836732,0.24489795918367352,0.48,0.0
0.22448979591836732,0.22448979591836737,0.46,0.0
0.22448979591836732,0.20408163265306123,0.48,0.0
0.22448979591836732,0.18367346938775508,0.46,0.0
0.22448979591836732,0.16326530612244905,0.44,0.0
0.22448979591836732,0.1428571428571429,0.48,0.0
0.22448979591836732,0.12244897959183676,0.5,0.0
0.22448979591836732,0.10204081632653061,0.46,0.0
0.22448979591836732,0.08163265306122447,0.48,0.0
0.22448979591836732,0.061224489795918435,0.48,0.0
0.22448979591836732,0.04081632653061229,0.46,0.0
0.22448979591836732,0.020408163265306145,0.44,0.0
0.22448979591836732,0.0,0.46,0.0
0.24489795918367346,0.7551020408163265,0.5,0.0
0.24489795918367346,0.7346938775510203,0.5,0.0
0.24489795918367346,0.7142857142857142,0.5,0.0
0.24489795918367346,0.6938775510204082,0.5,0.0
0.24489795918367346,0.673469387755102,0.5,0.0
0.24489795918367346,0.6530612244897959,0.5,0.0
0.24489795918367346,0.6326530612244897,0.5,0.0
0.24489795918367346,0.6122448979591837,0.5,0.0
0.24489795918367346,0.5918367346938775,0.48,0.0
0.24489795918367346,0.5714285714285714,0.5,0.0
0.24489795918367346,0.5510204081632653,0.5,0.0
0.24489795918367346,0.5306122448979591,0.5,0.0
0.24489795918367346,0.510204081632653,0.5,0.0
0.24489795918367346,0.4897959183673469,0.44,0.0
0.24489795918367346,0.4693877551020408,0.48,0.0
0.24489795918367346,0.4489795918367347,0.48,0.0
0.24489795918367346,0.42857142857142855,0.48,0.0
0.24489795918367346,0.4081632653061224,0.48,0.0
0.24489795918367346,0.3877551020408163,0.5,0.0
0.24489795918367346,0.36734693877551017,0.48,0.0
0.24489795918367346,0.3469387755102041,0.48,0.0
0.24489795918367346,0.32653061224489793,0.46,0.0
0.24489795918367346,0.30612244897959184,0.46,0.0
0.24489795918367346,0.2857142857142857,0.5,0.0
0.24489795918367346,0.26530612244897955,0.46,0.0
0.24489795918367346,0.2448979591836734,0.48,0.0
0.24489795918367346,0.22448979591836737,0.5,0.0
0.24489795918367346,0.20408163265306123,0.48,0.0
0.24489795918367346,0.18367346938775508,0.5,0.0
0.24489795918367346,0.16326530612244894,0.48,0.0
0.24489795918367346,0.1428571428571429,0.46,0.0
0.24489795918367346,0.12244897959183676,0.48,0.0
0.24489795918367346,0.10204081632653061,0.46,0.0
0.24489795918367346,0.08163265306122447,0.48,0.0
0.24489795918367346,0.061224489795918324,0.48,0.0
0.24489795918367346,0.04081632653061229,0.48,0.0
0.24489795918367346,0.020408163265306145,0.48,0.0
0.24489795918367346,0.0,0.48,0.0
0.26530612244897955,0.7346938775510204,0.5,0.0
0.26530612244897955,0.7142857142857143,0.5,0.0
0.26530612244897955,0.6938775510204082,0.5,0.0
0.26530612244897955,0.6734693877551021,0.5,0.0
0.26530612244897955,0.653061224489796,0.5,0.0
0.26530612244897955,0.6326530612244898,0.5,0.0
0.26530612244897955,0.6122448979591837,0.5,0.0
0.26530612244897955,0.5918367346938775,0.5,0.0
0.26530612244897955,0.5714285714285714,0.5,0.0
0.26530612244897955,0.5510204081632654,0.5,0.0
0.26530612244897955,0.5306122448979592,0.5,0.0
0.26530612244897955,0.5102040816326531,0.5,0.0
0.26530612244897955,0.4897959183673469,0.48,0.0
0.26530612244897955,0.46938775510204084,0.5,0.0
0.26530612244897955,0.4489795918367347,0.5,0.0
0.26530612244897955,0.4285714285714286,0.46,0.0
0.26530612244897955,0.40816326530612246,0.48,0.0
0.26530612244897955,0.3877551020408163,0.5,0.0
0.26530612244897955,0.3673469387755102,0.48,0.0
0.26530612244897955,0.3469387755102041,0.5,0.0
0.26530612244897955,0.326530612244898,0.5,0.0
0.26530612244897955,0.30612244897959184,0.46,0.0
0.26530612244897955,0.2857142857142857,0.48,0.0
0.26530612244897955,0.2653061224489796,0.5,0.0
0.26530612244897955,0.24489795918367346,0.5,0.0
0.26530612244897955,0.22448979591836737,0.5,0.0
0.26530612244897955,0.20408163265306123,0.48,0.0
0.26530612244897955,0.18367346938775508,0.5,0.0
0.26530612244897955,0.16326530612244894,0.5,0.0
0.26530612244897955,0.1428571428571428,0.48,0.0
0.26530612244897955,0.12244897959183676,0.5,0.0
0.26530612244897955,0.10204081632653061,0.5,0.0
0.26530612244897955,0.08163265306122447,0.44,0.0
0.26530612244897955,0.061224489795918324,0.48,0.0
0.26530612244897955,0.04081632653061218,0.5,0.0
0.26530612244897955,0.020408163265306145,0.46,0.0
0.26530612244897955,0.0,0.5,0.0
0.2857142857142857,0.7142857142857143,0.5,0.0
0.2857142857142857,0.6938775510204082,0.5,0.0
0.2857142857142857,0.673469387755102,0.5,0.0
0.2857142857142857,0.653061224489796,0.5,0.0
0.2857142857142857,0.6326530612244898,0.5,0.0
0.2857142857142857,0.6122448979591837,0.5,0.0
0.2857142857142857,0.5918367346938775,0.5,0.0
0.2857142857142857,0.5714285714285714,0.5,0.0
0.2857142857142857,0.5510204081632653,0.5,0.0
0.2857142857142857,0.5306122448979592,0.5,0.0
0.2857142857142857,0.5102040816326531,0.5,0.0
0.2857142857142857,0.4897959183673469,0.5,0.0
0.2857142857142857,0.4693877551020408,0.5,0.0
0.2857142857142857,0.4489795918367347,0.48,0.0
0.2857142857142857,0.42857142857142855,0.5,0.0
0.2857142857142857,0.40816326530612246,0.5,0.0
0.2857142857142857,0.3877551020408163,0.5,0.0
0.2857142857142857,0.36734693877551017,0.48,0.0
0.2857142857142857,0.3469387755102041,0.5,0.0
0.2857142857142857,0.32653061224489793,0.46,0.0
0.2857142857142857,0.30612244897959184,0.5,0.0
0.2857142857142857,0.2857142857142857,0.5,0.0
0.2857142857142857,0.26530612244897955,0.48,0.0
0.2857142857142857,0.24489795918367346,0.5,0.0
0.2857142857142857,0.22448979591836732,0.5,0.0
0.2857142857142857,0.20408163265306123,0.48,0.0
0.2857142857142857,0.18367346938775508,0.5,0.0
0.2857142857142857,0.16326530612244894,0.5,0.0
0.2857142857142857,0.1428571428571428,0.5,0.0
0.2857142857142857,0.12244897959183665,0.48,0.0
0.2857142857142857,0.10204081632653061,0.5,0.0
0.2857142857142857,0.08163265306122447,0.5,0.0
0.2857142857142857,0.061224489795918324,0.44,0.0
0.2857142857142857,0.04081632653061218,0.44,0.0
0.2857142857142857,0.020408163265306034,0.46,0.0
0.2857142857142857,0.0,0.46,0.0
0.3061224489795918,0.6938775510204083,0.5,0.0
0.3061224489795918,0.6734693877551021,0.5,0.0
0.3061224489795918,0.653061224489796,0.5,0.0
0.3061224489795918,0.6326530612244899,0.5,0.0
0.3061224489795918,0.6122448979591838,0.5,0.0
0.3061224489795918,0.5918367346938777,0.5,0.0
0.3061224489795918,0.5714285714285715,0.5,0.0
0.3061224489795918,0.5510204081632654,0.5,0.0
0.3061224489795918,0.5306122448979593,0.5,0.0
0.3061224489795918,0.5102040816326532,0.5,0.0
0.3061224489795918,0.48979591836734704,0.48,0.0
0.3061224489795918,0.4693877551020409,0.48,0.0
0.3061224489795918,0.44897959183673475,0.5,0.0
0.3061224489795918,0.42857142857142866,0.5,0.0
0.3061224489795918,0.4081632653061225,0.48,0.0
0.3061224489795918,0.3877551020408164,0.5,0.0
0.3061224489795918,0.3673469387755103,0.5,0.0
0.3061224489795918,0.34693877551020413,0.5,0.0
0.3061224489795918,0.32653061224489804,0.5,0.0
0.3061224489795918,0.3061224489795919,0.5,0.0
0.3061224489795918,0.2857142857142858,0.48,0.0
0.3061224489795918,0.26530612244897966,0.5,0.0
0.3061224489795918,0.24489795918367352,0.5,0.0
0.3061224489795918,0.22448979591836743,0.5,0.0
0.3061224489795918,0.20408163265306128,0.48,0.0
0.3061224489795918,0.1836734693877552,0.48,0.0
0.3061224489795918,0.16326530612244905,0.5,0.0
0.3061224489795918,0.1428571428571429,0.5,0.0
0.3061224489795918,0.12244897959183676,0.5,0.0
0.3061224489795918,0.10204081632653061,0.5,0.0
0.3061224489795918,0.08163265306122458,0.46,0.0
0.3061224489795918,0.061224489795918435,0.48,0.0
0.3061224489795918,0.04081632653061229,0.46,0.0
0.3061224489795918,0.020408163265306145,0.5,0.0
0.3061224489795918,0.0,0.48,0.0
0.32653061224489793,0.6734693877551021,0.5,0.0
0.32653061224489793,0.653061224489796,0.5,0.0
0.32653061224489793,0.6326530612244898,0.5,0.0
0.32653061224489793,0.6122448979591838,0.5,0.0
0.32653061224489793,0.5918367346938777,0.5,0.0
0.32653061224489793,0.5714285714285715,0.5,0.0
0.32653061224489793,0.5510204081632654,0.5,0.0
0.32653061224489793,0.5306122448979592,0.5,0.0
0.32653061224489793,0.5102040816326532,0.5,0.0
0.32653061224489793,0.48979591836734704,0.5,0.0
0.32653061224489793,0.4693877551020409,0.5,0.0
0.32653061224489793,0.44897959183673475,0.5,0.0
0.32653061224489793,0.4285714285714286,0.5,0.0
0.32653061224489793,0.4081632653061225,0.5,0.0
0.32653061224489793,0.38775510204081637,0.5,0.0
0.32653061224489793,0.3673469387755103,0.48,0.0
0.32653061224489793,0.34693877551020413,0.5,0.0
0.32653061224489793,0.326530612244898,0.5,0.0
0.32653061224489793,0.3061224489795919,0.48,0.0
0.32653061224489793,0.28571428571428575,0.5,0.0
0.32653061224489793,0.26530612244897966,0.5,0.0
0.32653061224489793,0.24489795918367352,0.5,0.0
0.32653061224489793,0.22448979591836737,0.48,0.0
0.32653061224489793,0.20408163265306128,0.48,0.0
0.32653061224489793,0.18367346938775514,0.48,0.0
0.32653061224489793,0.16326530612244905,0.48,0.0
0.32653061224489793,0.1428571428571429,0.5,0.0
0.32653061224489793,0.12244897959183676,0.5,0.0
0.32653061224489793,0.10204081632653061,0.48,0.0
0.32653061224489793,0.08163265306122447,0.5,0.0
0.32653061224489793,0.061224489795918435,0.5,0.0
0.32653061224489793,0.04081632653061229,0.5,0.0
0.32653061224489793,0.020408163265306145,0.5,0.0
0.32653061224489793,0.0,0.48,0.0
0.3469387755102041,0.653061224489796,0.5,0.0
0.3469387755102041,0.6326530612244898,0.5,0.0
0.3469387755102041,0.6122448979591837,0.5,0.0
0.3469387755102041,0.5918367346938777,0.5,0.0
0.3469387755102041,0.5714285714285715,0.5,0.0
0.3469387755102041,0.5510204081632654,0.5,0.0
0.3469387755102041,0.5306122448979592,0.5,0.0
0.3469387755102041,0.5102040816326531,0.5,0.0
0.3469387755102041,0.489795918367347,0.5,0.0
0.3469387755102041,0.4693877551020409,0.5,0.0
0.3469387755102041,0.44897959183673475,0.5,0.0
0.3469387755102041,0.4285714285714286,0.5,0.0
0.3469387755102041,0.40816326530612246,0.5,0.0
0.3469387755102041,0.38775510204081637,0.5,0.0
0.3469387755102041,0.3673469387755102,0.5,0.0
0.3469387755102041,0.34693877551020413,0.5,0.0
0.3469387755102041,0.326530612244898,0.5,0.0
0.3469387755102041,0.30612244897959184,0.5,0.0
0.3469387755102041,0.28571428571428575,0.5,0.0
0.3469387755102041,0.2653061224489796,0.5,0.0
0.3469387755102041,0.24489795918367352,0.48,0.0
0.3469387755102041,0.22448979591836737,0.5,0.0
0.3469387755102041,0.20408163265306123,0.5,0.0
0.3469387755102041,0.18367346938775514,0.5,0.0
0.3469387755102041,0.163265306122449,0.48,0.0
0.3469387755102041,0.1428571428571429,0.5,0.0
0.3469387755102041,0.12244897959183676,0.48,0.0
0.3469387755102041,0.10204081632653061,0.48,0.0
0.3469387755102041,0.08163265306122447,0.5,0.0
0.3469387755102041,0.061224489795918324,0.5,0.0
0.3469387755102041,0.04081632653061229,0.5,0.0
0.3469387755102041,0.020408163265306145,0.48,0.0
0.3469387755102041,0.0,0.5,0.0
0.36734693877551017,0.6326530612244898,0.5,0.0
0.36734693877551017,0.6122448979591837,0.5,0.0
0.36734693877551017,0.5918367346938775,0.5,0.0
0.36734693877551017,0.5714285714285715,0.5,0.0
0.36734693877551017,0.5510204081632654,0.5,0.0
0.36734693877551017,0.5306122448979592,0.5,0.0
0.36734693877551017,0.5102040816326531,0.5,0.0
0.36734693877551017,0.4897959183673469,0.5,0.0
0.36734693877551017,0.46938775510204084,0.5,0.0
0.36734693877551017,0.44897959183673475,0.5,0.0
0.36734693877551017,0.4285714285714286,0.5,0.0
0.36734693877551017,0.40816326530612246,0.5,0.0
0.36734693877551017,0.3877551020408163,0.5,0.0
0.36734693877551017,0.3673469387755102,0.5,0.0
0.36734693877551017,0.3469387755102041,0.5,0.0
0.36734693877551017,0.326530612244898,0.5,0.0
0.36734693877551017,0.30612244897959184,0.5,0.0
0.36734693877551017,0.2857142857142857,0.5,0.0
0.36734693877551017,0.2653061224489796,0.5,0.0
0.36734693877551017,0.24489795918367346,0.48,0.0
0.36734693877551017,0.22448979591836737,0.5,0.0
0.36734693877551017,0.20408163265306123,0.5,0.0
0.36734693877551017,0.18367346938775508,0.5,0.0
0.36734693877551017,0.163265306122449,0.48,0.0
0.36734693877551017,0.14285714285714285,0.5,0.0
0.36734693877551017,0.12244897959183676,0.48,0.0
0.36734693877551017,0.10204081632653061,0.5,0.0
0.36734693877551017,0.08163265306122447,0.5,0.0
0.36734693877551017,0.061224489795918324,0.48,0.0
0.36734693877551017,0.04081632653061218,0.5,0.0
0.36734693877551017,0.020408163265306145,0.5,0.0
0.36734693877551017,0.0,0.5,0.0
0.3877551020408163,0.6122448979591837,0.5,0.0
0.3877551020408163,0.5918367346938775,0.5,0.0
0.3877551020408163,0.5714285714285714,0.5,0.0
0.3877551020408163,0.5510204081632654,0.5,0.0
0.3877551020408163,0.5306122448979592,0.5,0.0
0.3877551020408163,0.5102040816326531,0.5,0.0
0.3877551020408163,0.4897959183673469,0.5,0.0
0.3877551020408163,0.4693877551020408,0.5,0.0
0.3877551020408163,0.4489795918367347,0.5,0.0
0.3877551020408163,0.4285714285714286,0.5,0.0
0.3877551020408163,0.40816326530612246,0.5,0.0
0.3877551020408163,0.3877551020408163,0.5,0.0
0.3877551020408163,0.36734693877551017,0.5,0.0
0.3877551020408163,0.3469387755102041,0.5,0.0
0.3877551020408163,0.32653061224489793,0.5,0.0
0.3877551020408163,0.30612244897959184,0.5,0.0
0.3877551020408163,0.2857142857142857,0.5,0.0
0.3877551020408163,0.26530612244897955,0.5,0.0
0.3877551020408163,0.24489795918367346,0.5,0.0
0.3877551020408163,0.22448979591836732,0.5,0.0
0.3877551020408163,0.20408163265306123,0.5,0.0
0.3877551020408163,0.18367346938775508,0.5,0.0
0.3877551020408163,0.16326530612244894,0.48,0.0
0.3877551020408163,0.14285714285714285,0.5,0.0
0.3877551020408163,0.1224489795918367,0.48,0.0
0.3877551020408163,0.10204081632653061,0.5,0.0
0.3877551020408163,0.08163265306122447,0.5,0.0
0.3877551020408163,0.061224489795918324,0.5,0.0
0.3877551020408163,0.04081632653061218,0.5,0.0
0.3877551020408163,0.020408163265306034,0.5,0.0
0.3877551020408163,0.0,0.48,0.0
0.4081632653061224,0.5918367346938775,0.5,0.0
0.4081632653061224,0.5714285714285714,0.5,0.0
0.4081632653061224,0.5510204081632653,0.5,0.0
0.4081632653061224,0.5306122448979592,0.5,0.0
0.4081632653061224,0.5102040816326531,0.5,0.0
0.4081632653061224,0.4897959183673469,0.5,0.0
0.4081632653061224,0.4693877551020408,0.5,0.0
0.4081632653061224,0.4489795918367347,0.5,0.0
0.4081632653061224,0.4285714285714286,0.5,0.0
0.4081632653061224,0.40816326530612246,0.5,0.0
0.4081632653061224,0.3877551020408163,0.5,0.0
0.4081632653061224,0.3673469387755102,0.5,0.0
0.4081632653061224,0.3469387755102041,0.5,0.0
0.4081632653061224,0.326530612244898,0.5,0.0
0.4081632653061224,0.30612244897959184,0.5,0.0
0.4081632653061224,0.28571428571428575,0.5,0.0
0.4081632653061224,0.2653061224489796,0.5,0.0
0.4081632653061224,0.24489795918367346,0.5,0.0
0.4081632653061224,0.22448979591836737,0.5,0.0
0.4081632653061224,0.20408163265306123,0.5,0.0
0.4081632653061224,0.18367346938775514,0.5,0.0
0.4081632653061224,0.163265306122449,0.5,0.0
0.4081632653061224,0.1428571428571429,0.5,0.0
0.4081632653061224,0.12244897959183676,0.5,0.0
0.4081632653061224,0.10204081632653061,0.5,0.0
0.4081632653061224,0.08163265306122447,0.5,0.0
0.4081632653061224,0.061224489795918435,0.5,0.0
0.4081632653061224,0.04081632653061229,0.48,0.0
0.4081632653061224,0.020408163265306145,0.5,0.0
0.4081632653061224,0.0,0.5,0.0
0.42857142857142855,0.5714285714285714,0.5,0.0
0.42857142857142855,0.5510204081632653,0.5,0.0
0.42857142857142855,0.5306122448979591,0.5,0.0
0.42857142857142855,0.5102040816326531,0.5,0.0
0.42857142857142855,0.4897959183673469,0.5,0.0
0.42857142857142855,0.4693877551020408,0.5,0.0
0.42857142857142855,0.44897959183673464,0.5,0.0
0.42857142857142855,0.42857142857142855,0.5,0.0
0.42857142857142855,0.40816326530612246,0.5,0.0
0.42857142857142855,0.3877551020408163,0.5,0.0
0.42857142857142855,0.36734693877551017,0.5,0.0
0.42857142857142855,0.3469387755102041,0.5,0.0
0.42857142857142855,0.32653061224489793,0.5,0.0
0.42857142857142855,0.30612244897959184,0.5,0.0
0.42857142857142855,0.2857142857142857,0.5,0.0
0.42857142857142855,0.2653061224489796,0.5,0.0
0.42857142857142855,0.24489795918367346,0.5,0.0
0.42857142857142855,0.22448979591836732,0.5,0.0
0.42857142857142855,0.20408163265306123,0.5,0.0
0.42857142857142855,0.18367346938775508,0.5,0.0
0.42857142857142855,0.163265306122449,0.5,0.0
0.42857142857142855,0.14285714285714285,0.5,0.0
0.42857142857142855,0.12244897959183676,0.5,0.0
0.42857142857142855,0.10204081632653061,0.5,0.0
0.42857142857142855,0.08163265306122447,0.5,0.0
0.42857142857142855,0.061224489795918324,0.48,0.0
0.42857142857142855,0.04081632653061229,0.48,0.0
0.42857142857142855,0.020408163265306145,0.5,0.0
0.42857142857142855,0.0,0.5,0.0
0.44897959183673464,0.5510204081632654,0.5,0.0
0.44897959183673464,0.5306122448979592,0.5,0.0
0.44897959183673464,0.5102040816326531,0.5,0.0
0.44897959183673464,0.489795918367347,0.5,0.0
0.44897959183673464,0.4693877551020409,0.5,0.0
0.44897959183673464,0.44897959183673475,0.5,0.0
0.44897959183673464,0.4285714285714286,0.5,0.0
0.44897959183673464,0.40816326530612246,0.5,0.0
0.44897959183673464,0.38775510204081637,0.5,0.0
0.44897959183673464,0.3673469387755103,0.5,0.0
0.44897959183673464,0.34693877551020413,0.5,0.0
0.44897959183673464,0.326530612244898,0.5,0.0
0.44897959183673464,0.30612244897959184,0.5,0.0
0.44897959183673464,0.28571428571428575,0.5,0.0
0.44897959183673464,0.2653061224489796,0.5,0.0
0.44897959183673464,0.24489795918367352,0.5,0.0
0.44897959183673464,0.22448979591836737,0.5,0.0
0.44897959183673464,0.20408163265306123,0.5,0.0
0.44897959183673464,0.18367346938775514,0.5,0.0
0.44897959183673464,0.163265306122449,0.5,0.0
0.44897959183673464,0.1428571428571429,0.5,0.0
0.44897959183673464,0.12244897959183676,0.5,0.0
0.44897959183673464,0.10204081632653061,0.5,0.0
0.44897959183673464,0.08163265306122452,0.5,0.0
0.44897959183673464,0.06122448979591838,0.5,0.0
0.44897959183673464,0.04081632653061229,0.5,0.0
0.44897959183673464,0.020408163265306145,0.5,0.0
0.44897959183673464,0.0,0.5,0.0
0.4693877551020408,0.5306122448979592,0.5,0.0
0.4693877551020408,0.5102040816326531,0.5,0.0
0.4693877551020408,0.489795918367347,0.5,0.0
0.4693877551020408,0.46938775510204084,0.5,0.0
0.4693877551020408,0.44897959183673475,0.5,0.0
0.4693877551020408,0.4285714285714286,0.5,0.0
0.4693877551020408,0.40816326530612246,0.5,0.0
0.4693877551020408,0.3877551020408163,0.5,0.0
0.4693877551020408,0.3673469387755102,0.5,0.0
0.4693877551020408,0.34693877551020413,0.5,0.0
0.4693877551020408,0.326530612244898,0.5,0.0
0.4693877551020408,0.30612244897959184,0.5,0.0
0.4693877551020408,0.2857142857142857,0.5,0.0
0.4693877551020408,0.2653061224489796,0.5,0.0
0.4693877551020408,0.24489795918367346,0.5,0.0
0.4693877551020408,0.22448979591836737,0.5,0.0
0.4693877551020408,0.20408163265306123,0.5,0.0
0.4693877551020408,0.18367346938775508,0.5,0.0
0.4693877551020408,0.163265306122449,0.5,0.0
0.4693877551020408,0.14285714285714285,0.5,0.0
0.4693877551020408,0.12244897959183676,0.5,0.0
0.4693877551020408,0.10204081632653061,0.5,0.0
0.4693877551020408,0.08163265306122447,0.5,0.0
0.4693877551020408,0.06122448979591838,0.5,0.0
0.4693877551020408,0.040816326530612235,0.5,0.0
0.4693877551020408,0.020408163265306145,0.5,0.0
0.4693877551020408,0.0,0.5,0.0
0.4897959183673469,0.5102040816326531,0.5,0.0
0.4897959183673469,0.4897959183673469,0.5,0.0
0.4897959183673469,0.46938775510204084,0.5,0.0
0.4897959183673469,0.4489795918367347,0.5,0.0
0.4897959183673469,0.4285714285714286,0.5,0.0
0.4897959183673469,0.40816326530612246,0.5,0.0
0.4897959183673469,0.3877551020408163,0.5,0.0
0.4897959183673469,0.36734693877551017,0.5,0.0
0.4897959183673469,0.3469387755102041,0.5,0.0
0.4897959183673469,0.326530612244898,0.5,0.0
0.4897959183673469,0.30612244897959184,0.5,0.0
0.4897959183673469,0.2857142857142857,0.5,0.0
0.4897959183673469,0.26530612244897955,0.5,0.0
0.4897959183673469,0.24489795918367346,0.5,0.0
0.4897959183673469,0.22448979591836732,0.5,0.0
0.4897959183673469,0.20408163265306123,0.5,0.0
0.4897959183673469,0.18367346938775508,0.5,0.0
0.4897959183673469,0.16326530612244894,0.5,0.0
0.4897959183673469,0.14285714285714285,0.5,0.0
0.4897959183673469,0.1224489795918367,0.5,0.0
0.4897959183673469,0.10204081632653061,0.5,0.0
0.4897959183673469,0.08163265306122447,0.5,0.0
0.4897959183673469,0.061224489795918324,0.5,0.0
0.4897959183673469,0.040816326530612235,0.5,0.0
0.4897959183673469,0.02040816326530609,0.5,0.0
0.4897959183673469,0.0,0.5,0.0
0.5102040816326531,0.4897959183673469,0.5,0.0
0.5102040816326531,0.4693877551020408,0.5,0.0
0.5102040816326531,0.4489795918367347,0.5,0.0
0.5102040816326531,0.42857142857142855,0.5,0.0
0.5102040816326531,0.40816326530612246,0.5,0.0
0.5102040816326531,0.3877551020408163,0.5,0.0
0.5102040816326531,0.36734693877551017,0.5,0.0
0.5102040816326531,0.3469387755102041,0.5,0.0
0.5102040816326531,0.326530612244898,0.5,0.0
0.5102040816326531,0.30612244897959184,0.5,0.0
0.5102040816326531,0.2857142857142857,0.5,0.0
0.5102040816326531,0.2653061224489796,0.5,0.0
0.5102040816326531,0.24489795918367346,0.5,0.0
0.5102040816326531,0.22448979591836737,0.5,0.0
0.5102040816326531,0.20408163265306123,0.5,0.0
0.5102040816326531,0.18367346938775514,0.5,0.0
0.5102040816326531,0.163265306122449,0.5,0.0
0.5102040816326531,0.14285714285714285,0.5,0.0
0.5102040816326531,0.12244897959183676,0.5,0.0
0.5102040816326531,0.10204081632653061,0.5,0.0
0.5102040816326531,0.08163265306122452,0.5,0.0
0.5102040816326531,0.06122448979591838,0.5,0.0
0.5102040816326531,0.04081632653061229,0.5,0.0
0.5102040816326531,0.020408163265306145,0.5,0.0
0.5102040816326531,0.0,0.5,0.0
0.5306122448979591,0.4693877551020409,0.5,0.0
0.5306122448979591,0.44897959183673475,0.5,0.0
0.5306122448979591,0.42857142857142866,0.5,0.0
0.5306122448979591,0.4081632653061225,0.5,0.0
0.5306122448979591,0.3877551020408164,0.5,0.0
0.5306122448979591,0.3673469387755103,0.5,0.0
0.5306122448979591,0.34693877551020413,0.5,0.0
0.5306122448979591,0.326530612244898,0.5,0.0
0.5306122448979591,0.3061224489795919,0.5,0.0
0.5306122448979591,0.2857142857142858,0.5,0.0
0.5306122448979591,0.26530612244897966,0.5,0.0
0.5306122448979591,0.24489795918367352,0.5,0.0
0.5306122448979591,0.2244897959183674,0.5,0.0
0.5306122448979591,0.20408163265306128,0.5,0.0
0.5306122448979591,0.18367346938775514,0.5,0.0
0.5306122448979591,0.16326530612244905,0.5,0.0
0.5306122448979591,0.1428571428571429,0.5,0.0
0.5306122448979591,0.12244897959183676,0.5,0.0
0.5306122448979591,0.10204081632653067,0.5,0.0
0.5306122448979591,0.08163265306122452,0.5,0.0
0.5306122448979591,0.061224489795918435,0.5,0.0
0.5306122448979591,0.04081632653061229,0.5,0.0
0.5306122448979591,0.020408163265306145,0.5,0.0
0.5306122448979591,0.0,0.5,0.0
0.5510204081632653,0.44897959183673475,0.5,0.0
0.5510204081632653,0.4285714285714286,0.5,0.0
0.5510204081632653,0.4081632653061225,0.5,0.0
0.5510204081632653,0.38775510204081637,0.5,0.0
0.5510204081632653,0.3673469387755103,0.5,0.0
0.5510204081632653,0.34693877551020413,0.5,0.0
0.5510204081632653,0.326530612244898,0.5,0.0
0.5510204081632653,0.30612244897959184,0.5,0.0
0.5510204081632653,0.28571428571428575,0.5,0.0
0.5510204081632653,0.26530612244897966,0.5,0.0
0.5510204081632653,0.24489795918367352,0.5,0.0
0.5510204081632653,0.22448979591836737,0.5,0.0
0.5510204081632653,0.20408163265306126,0.5,0.0
0.5510204081632653,0.18367346938775514,0.5,0.0
0.5510204081632653,0.163265306122449,0.5,0.0
0.5510204081632653,0.1428571428571429,0.5,0.0
0.5510204081632653,0.12244897959183676,0.5,0.0
0.5510204081632653,0.10204081632653061,0.5,0.0
0.5510204081632653,0.08163265306122452,0.5,0.0
0.5510204081632653,0.06122448979591838,0.5,0.0
0.5510204081632653,0.04081632653061229,0.5,0.0
0.5510204081632653,0.020408163265306145,0.5,0.0
0.5510204081632653,0.0,0.5,0.0
0.5714285714285714,0.4285714285714286,0.5,0.0
0.5714285714285714,0.40816326530612246,0.5,0.0
0.5714285714285714,0.38775510204081637,0.5,0.0
0.5714285714285714,0.3673469387755102,0.5,0.0
0.5714285714285714,0.34693877551020413,0.5,0.0
0.5714285714285714,0.326530612244898,0.5,0.0
0.5714285714285714,0.30612244897959184,0.5,0.0
0.5714285714285714,0.2857142857142857,0.5,0.0
0.5714285714285714,0.2653061224489796,0.5,0.0
0.5714285714285714,0.2448979591836735,0.5,0.0
0.5714285714285714,0.22448979591836737,0.5,0.0
0.5714285714285714,0.20408163265306123,0.5,0.0
0.5714285714285714,0.1836734693877551,0.5,0.0
0.5714285714285714,0.163265306122449,0.5,0.0
0.5714285714285714,0.14285714285714285,0.5,0.0
0.5714285714285714,0.12244897959183676,0.5,0.0
0.5714285714285714,0.10204081632653061,0.5,0.0
0.5714285714285714,0.08163265306122447,0.5,0.0
0.5714285714285714,0.06122448979591838,0.5,0.0
0.5714285714285714,0.040816326530612235,0.5,0.0
0.5714285714285714,0.020408163265306145,0.5,0.0
0.5714285714285714,0.0,0.5,0.0
0.5918367346938775,0.40816326530612246,0.5,0.0
0.5918367346938775,0.3877551020408163,0.5,0.0
0.5918367346938775,0.3673469387755102,0.5,0.0
0.5918367346938775,0.3469387755102041,0.5,0.0
0.5918367346938775,0.326530612244898,0.5,0.0
0.5918367346938775,0.30612244897959184,0.5,0.0
0.5918367346938775,0.2857142857142857,0.5,0.0
0.5918367346938775,0.26530612244897955,0.5,0.0
0.5918367346938775,0.24489795918367346,0.5,0.0
0.5918367346938775,0.22448979591836735,0.5,0.0
0.5918367346938775,0.20408163265306123,0.5,0.0
0.5918367346938775,0.18367346938775508,0.5,0.0
0.5918367346938775,0.16326530612244897,0.5,0.0
0.5918367346938775,0.14285714285714285,0.5,0.0
0.5918367346938775,0.1224489795918367,0.5,0.0
0.5918367346938775,0.10204081632653061,0.5,0.0
0.5918367346938775,0.08163265306122447,0.5,0.0
0.5918367346938775,0.061224489795918324,0.5,0.0
0.5918367346938775,0.040816326530612235,0.5,0.0
0.5918367346938775,0.02040816326530609,0.5,0.0
0.5918367346938775,0.0,0.5,0.0
0.6122448979591836,0.3877551020408164,0.5,0.0
0.6122448979591836,0.3673469387755103,0.5,0.0
0.6122448979591836,0.3469387755102042,0.5,0.0
0.6122448979591836,0.32653061224489804,0.5,0.0
0.6122448979591836,0.3061224489795919,0.5,0.0
0.6122448979591836,0.2857142857142858,0.5,0.0
0.6122448979591836,0.26530612244897966,0.5,0.0
0.6122448979591836,0.24489795918367352,0.5,0.0
0.6122448979591836,0.2244897959183674,0.5,0.0
0.6122448979591836,0.20408163265306128,0.5,0.0
0.6122448979591836,0.18367346938775514,0.5,0.0
0.6122448979591836,0.16326530612244902,0.5,0.0
0.6122448979591836,0.1428571428571429,0.5,0.0
0.6122448979591836,0.12244897959183676,0.5,0.0
0.6122448979591836,0.10204081632653061,0.5,0.0
0.6122448979591836,0.08163265306122452,0.5,0.0
0.6122448979591836,0.06122448979591838,0.5,0.0
0.6122448979591836,0.040816326530612235,0.5,0.0
0.6122448979591836,0.020408163265306145,0.5,0.0
0.6122448979591836,0.0,0.5,0.0
0.6326530612244897,0.3673469387755103,0.5,0.0
0.6326530612244897,0.34693877551020413,0.5,0.0
0.6326530612244897,0.32653061224489804,0.5,0.0
0.6326530612244897,0.3061224489795919,0.5,0.0
0.6326530612244897,0.28571428571428575,0.5,0.0
0.6326530612244897,0.26530612244897966,0.5,0.0
0.6326530612244897,0.24489795918367352,0.5,0.0
0.6326530612244897,0.22448979591836737,0.5,0.0
0.6326530612244897,0.20408163265306126,0.5,0.0
0.6326530612244897,0.18367346938775514,0.5,0.0
0.6326530612244897,0.163265306122449,0.5,0.0
0.6326530612244897,0.14285714285714288,0.5,0.0
0.6326530612244897,0.12244897959183676,0.5,0.0
0.6326530612244897,0.10204081632653061,0.5,0.0
0.6326530612244897,0.08163265306122447,0.5,0.0
0.6326530612244897,0.06122448979591838,0.5,0.0
0.6326530612244897,0.040816326530612235,0.5,0.0
0.6326530612244897,0.02040816326530609,0.5,0.0
0.6326530612244897,0.0,0.5,0.0
0.6530612244897959,0.34693877551020413,0.5,0.0
0.6530612244897959,0.326530612244898,0.5,0.0
0.6530612244897959,0.3061224489795919,0.5,0.0
0.6530612244897959,0.28571428571428575,0.5,0.0
0.6530612244897959,0.26530612244897966,0.5,0.0
0.6530612244897959,0.24489795918367352,0.5,0.0
0.6530612244897959,0.22448979591836737,0.5,0.0
0.6530612244897959,0.20408163265306126,0.5,0.0
0.6530612244897959,0.18367346938775514,0.5,0.0
0.6530612244897959,0.16326530612244902,0.5,0.0
0.6530612244897959,0.1428571428571429,0.5,0.0
0.6530612244897959,0.12244897959183676,0.5,0.0
0.6530612244897959,0.10204081632653064,0.5,0.0
0.6530612244897959,0.08163265306122452,0.5,0.0
0.6530612244897959,0.06122448979591838,0.5,0.0
0.6530612244897959,0.04081632653061229,0.5,0.0
0.6530612244897959,0.020408163265306145,0.5,0.0
0.6530612244897959,0.0,0.5,0.0
0.673469387755102,0.326530612244898,0.5,0.0
0.673469387755102,0.30612244897959184,0.5,0.0
0.673469387755102,0.28571428571428575,0.5,0.0
0.673469387755102,0.2653061224489796,0.5,0.0
0.673469387755102,0.2448979591836735,0.5,0.0
0.673469387755102,0.22448979591836737,0.5,0.0
0.673469387755102,0.20408163265306123,0.5,0.0
0.673469387755102,0.1836734693877551,0.5,0.0
0.673469387755102,0.163265306122449,0.5,0.0
0.673469387755102,0.14285714285714288,0.5,0.0
0.673469387755102,0.12244897959183676,0.5,0.0
0.673469387755102,0.10204081632653061,0.5,0.0
0.673469387755102,0.0816326530612245,0.5,0.0
0.673469387755102,0.06122448979591838,0.5,0.0
0.673469387755102,0.040816326530612235,0.5,0.0
0.673469387755102,0.020408163265306145,0.5,0.0
0.673469387755102,0.0,0.5,0.0
0.6938775510204082,0.30612244897959184,0.5,0.0
0.6938775510204082,0.2857142857142857,0.5,0.0
0.6938775510204082,0.2653061224489796,0.5,0.0
0.6938775510204082,0.24489795918367346,0.5,0.0
0.6938775510204082,0.22448979591836735,0.5,0.0
0.6938775510204082,0.20408163265306123,0.5,0.0
0.6938775510204082,0.18367346938775508,0.5,0.0
0.6938775510204082,0.16326530612244897,0.5,0.0
0.6938775510204082,0.14285714285714285,0.5,0.0
0.6938775510204082,0.12244897959183673,0.5,0.0
0.6938775510204082,0.10204081632653061,0.5,0.0
0.6938775510204082,0.08163265306122447,0.5,0.0
0.6938775510204082,0.06122448979591835,0.5,0.0
0.6938775510204082,0.040816326530612235,0.5,0.0
0.6938775510204082,0.02040816326530609,0.5,0.0
0.6938775510204082,0.0,0.5,0.0
0.7142857142857142,0.2857142857142858,0.5,0.0
0.7142857142857142,0.26530612244897966,0.5,0.0
0.7142857142857142,0.24489795918367355,0.5,0.0
0.7142857142857142,0.22448979591836743,0.5,0.0
0.7142857142857142,0.20408163265306128,0.5,0.0
0.7142857142857142,0.18367346938775517,0.5,0.0
0.7142857142857142,0.16326530612244905,0.5,0.0
0.7142857142857142,0.1428571428571429,0.5,0.0
0.7142857142857142,0.12244897959183679,0.5,0.0
0.7142857142857142,0.10204081632653067,0.5,0.0
0.7142857142857142,0.08163265306122452,0.5,0.0
0.7142857142857142,0.06122448979591841,0.5,0.0
0.7142857142857142,0.04081632653061229,0.5,0.0
0.7142857142857142,0.020408163265306145,0.5,0.0
0.7142857142857142,0.0,0.5,0.0
0.7346938775510203,0.26530612244897966,0.5,0.0
0.7346938775510203,0.24489795918367355,0.5,0.0
0.7346938775510203,0.2244897959183674,0.5,0.0
0.7346938775510203,0.20408163265306128,0.5,0.0
0.7346938775510203,0.18367346938775514,0.5,0.0
0.7346938775510203,0.16326530612244902,0.5,0.0
0.7346938775510203,0.1428571428571429,0.5,0.0
0.7346938775510203,0.12244897959183676,0.5,0.0
0.7346938775510203,0.10204081632653064,0.5,0.0
0.7346938775510203,0.08163265306122452,0.5,0.0
0.7346938775510203,0.06122448979591838,0.5,0.0
0.7346938775510203,0.04081632653061226,0.5,0.0
0.7346938775510203,0.020408163265306145,0.5,0.0
0.7346938775510203,0.0,0.5,0.0
0.7551020408163265,0.24489795918367352,0.5,0.0
0.7551020408163265,0.2244897959183674,0.5,0.0
0.7551020408163265,0.20408163265306126,0.5,0.0
0.7551020408163265,0.18367346938775514,0.5,0.0
0.7551020408163265,0.163265306122449,0.5,0.0
0.7551020408163265,0.14285714285714288,0.5,0.0
0.7551020408163265,0.12244897959183676,0.5,0.0
0.7551020408163265,0.10204081632653061,0.5,0.0
0.7551020408163265,0.0816326530612245,0.5,0.0
0.7551020408163265,0.06122448979591838,0.5,0.0
0.7551020408163265,0.040816326530612235,0.5,0.0
0.7551020408163265,0.020408163265306117,0.5,0.0
0.7551020408163265,0.0,0.5,0.0
0.7755102040816326,0.22448979591836737,0.5,0.0
0.7755102040816326,0.20408163265306126,0.5,0.0
0.7755102040816326,0.18367346938775514,0.5,0.0
0.7755102040816326,0.163265306122449,0.5,0.0
0.7755102040816326,0.14285714285714288,0.5,0.0
0.7755102040816326,0.12244897959183676,0.5,0.0
0.7755102040816326,0.10204081632653063,0.5,0.0
0.7755102040816326,0.0816326530612245,0.5,0.0
0.7755102040816326,0.06122448979591838,0.5,0.0
0.7755102040816326,0.04081632653061226,0.5,0.0
0.7755102040816326,0.020408163265306145,0.5,0.0
0.7755102040816326,0.0,0.5,0.0
0.7959183673469387,0.20408163265306134,0.5,0.0
0.7959183673469387,0.1836734693877552,0.5,0.0
0.7959183673469387,0.16326530612244908,0.5,0.0
0.7959183673469387,0.14285714285714293,0.5,0.0
0.7959183673469387,0.1224489795918368,0.5,0.0
0.7959183673469387,0.10204081632653067,0.5,0.0
0.7959183673469387,0.08163265306122452,0.5,0.0
0.7959183673469387,0.06122448979591841,0.5,0.0
0.7959183673469387,0.04081632653061226,0.5,0.0
0.7959183673469387,0.020408163265306117,0.5,0.0
0.7959183673469387,0.0,0.5,0.0
0.8163265306122448,0.1836734693877552,0.5,0.0
0.8163265306122448,0.16326530612244905,0.5,0.0
0.8163265306122448,0.14285714285714293,0.5,0.0
0.8163265306122448,0.1224489795918368,0.5,0.0
0.8163265306122448,0.10204081632653067,0.5,0.0
0.8163265306122448,0.08163265306122454,0.5,0.0
0.8163265306122448,0.06122448979591841,0.5,0.0
0.8163265306122448,0.04081632653061229,0.5,0.0
0.8163265306122448,0.020408163265306145,0.5,0.0
0.8163265306122448,0.0,0.5,0.0
0.836734693877551,0.16326530612244905,0.5,0.0
0.836734693877551,0.1428571428571429,0.5,0.0
0.836734693877551,0.12244897959183679,0.5,0.0
0.836734693877551,0.10204081632653066,0.5,0.0
0.836734693877551,0.08163265306122452,0.5,0.0
0.836734693877551,0.061224489795918394,0.5,0.0
0.836734693877551,0.04081632653061226,0.5,0.0
0.836734693877551,0.020408163265306145,0.5,0.0
0.836734693877551,0.0,0.5,0.0
0.8571428571428571,0.1428571428571429,0.5,0.0
0.8571428571428571,0.12244897959183677,0.5,0.0
0.8571428571428571,0.10204081632653064,0.5,0.0
0.8571428571428571,0.08163265306122452,0.5,0.0
0.8571428571428571,0.061224489795918394,0.5,0.0
0.8571428571428571,0.04081632653061226,0.5,0.0
0.8571428571428571,0.020408163265306145,0.5,0.0
0.8571428571428571,0.0,0.5,0.0
0.8775510204081632,0.12244897959183676,0.5,0.0
0.8775510204081632,0.10204081632653063,0.5,0.0
0.8775510204081632,0.0816326530612245,0.5,0.0
0.8775510204081632,0.06122448979591838,0.5,0.0
0.8775510204081632,0.04081632653061225,0.5,0.0
0.8775510204081632,0.020408163265306117,0.5,0.0
0.8775510204081632,0.0,0.5,0.0
0.8979591836734693,0.10204081632653073,0.5,0.0
0.8979591836734693,0.08163265306122458,0.5,0.0
0.8979591836734693,0.061224489795918435,0.5,0.0
0.8979591836734693,0.04081632653061229,0.5,0.0
0.8979591836734693,0.020408163265306145,0.5,0.0
0.8979591836734693,0.0,0.5,0.0
0.9183673469387754,0.08163265306122458,0.5,0.0
0.9183673469387754,0.061224489795918435,0.5,0.0
0.9183673469387754,0.04081632653061229,0.5,0.0
0.9183673469387754,0.020408163265306145,0.5,0.0
0.9183673469387754,0.0,0.5,0.0
0.9387755102040816,0.061224489795918435,0.5,0.0
0.9387755102040816,0.04081632653061229,0.5,0.0
0.9387755102040816,0.020408163265306145,0.5,0.0
0.9387755102040816,0.0,0.5,0.0
0.9591836734693877,0.04081632653061229,0.5,0.0
0.9591836734693877,0.020408163265306145,0.5,0.0
0.9591836734693877,0.0,0.5,0.0
0.9795918367346939,0.020408163265306145,0.5,0.0
0.9795918367346939,0.0,0.5,0.0
